-0.0561363 0.0107208 0 0 0 -0.182373 0.983229 0.0650801 -0.00079257 -0.0746108 0.00379614 0.175589 0.00022958 0.984456
-0.0688541 0.0132759 0 0 0 -0.173659 0.984806 0.0451409 -0.00803828 -0.0807012 0.000550376 0.173164 -0.00386987 0.984885
-0.0835804 0.0256309 0 0 0 -0.267236 0.963631 0.0736224 0.0047534 -0.110139 0.00338968 0.270803 0.00273234 0.962625
-0.0742806 0.021599 0 0 0 -0.253535 0.967326 0.0684305 -0.0010151 -0.102531 0.00957926 0.263482 -0.0104434 0.96456
-0.143773 0.0115638 0 0 0 -0.140462 0.990086 0.0596667 0.00636348 -0.15948 0.00911546 0.141935 0.0055024 0.989819
-0.145268 0.00637297 0 0 0 -0.0174524 0.999848 0.0103938 -0.00433797 -0.15424 -0.000287101 0.0125086 -0.00100533 0.999921
-0.152984 0.0137151 0 0 0 -0.104528 0.994522 0.0197254 0.00132454 -0.16193 0.00597544 0.108516 -0.00118545 0.994076
-0.127843 0.0137882 0 0 0 -0.147809 0.989016 0.0356334 -0.00356173 -0.135884 0.00234108 0.156831 -0.00502839 0.98761
-0.0836626 -0.00731953 0 0 0 0.0261769 0.999657 -0.00134252 -0.00300564 -0.0875998 0.000719823 -0.0264624 0.00127734 0.999649
-0.110641 -0.00867605 0 0 0 0 1 0.00609464 -0.00600916 -0.113757 -0.000573907 -0.0033201 0.00183167 0.999993
-0.0839342 -0.00404332 0 0 0 -0.0195644 0.999809 0.0106008 0.00217671 -0.0888951 0.00505152 0.013838 -0.00102032 0.999891
-0.0514208 0.0121909 0 0 0 -0.140043 0.990145 0.0474912 -0.00366978 -0.0626565 0.0012803 0.143704 -0.00515193 0.989607
-0.05525 0.013338 0 0 0 -0.216864 0.976202 0.0102366 -0.0408825 -0.0956506 -0.00969939 0.224369 -0.0151451 0.974338
-0.0457413 0.0072723 0 0 0 -0.139006 0.990292 -0.372126 -0.275728 0.0156611 -0.116296 0.229182 -0.0415667 0.965517
-0.0405591 0.00733877 0 0 0 -0.154253 0.988031 0.0317685 -0.00618108 -0.0521297 -0.000671077 0.159257 -0.00385668 0.987229
-0.0694303 0.00996454 0 0 0 -0.195529 0.980698 0.0615068 -0.0115508 -0.0857118 -0.000493086 0.189993 -0.00687853 0.981761
-0.130102 0.0116469 0 0 0 -0.109348 0.994004 0.0352019 -0.00573639 -0.136296 0.00256961 0.11874 -0.00382553 0.992915
-0.1418 0.0162636 0 0 0 -0.0871557 0.996195 0.0095522 -0.00574031 -0.146121 0.00161242 0.0860894 -0.00150768 0.996285
-0.155336 0.0105866 0 0 0 -0.0610485 0.998135 0.00823397 0.00497187 -0.158965 0.00700935 0.0682504 -0.00112181 0.997643
-0.110268 0.0114563 0 0 0 -0.113203 0.993572 0.00643635 -0.000959794 -0.12273 0.00588695 0.12759 -0.00431022 0.9918
-0.127318 0.0123827 0 0 0 -0.0958458 0.995396 0.0418846 0.00580396 -0.134606 0.00575722 0.0901007 0.000925631 0.995916
-0.124141 -0.00399093 0 0 0 -0.0400224 0.999199 0.0152847 0.00348127 -0.127512 0.00569189 0.0485607 -0.00152819 0.998803
-0.0441555 -0.0145518 0 0 0 0.190963 0.981597 -0.0559336 -0.013253 -0.0608873 -0.00792625 -0.192362 0.00363903 0.981285
0.00283656 -0.000976704 0 0 0 0.186612 0.982434 -0.0405851 -0.017431 0.0154018 -0.0102489 -0.200414 -9.96479e-05 0.979658
