-0.0683799 -0.00402243 0 0 0 0.052336 0.99863 -0.1104 -0.00448319 -0.0104782 -0.00654319 -0.0519001 -0.00258005 0.998628
-0.0859552 0.00120029 0 0 0 0.0144939 0.999895 -0.103443 0.000643535 0.00165041 -0.00158005 -0.0145288 -0.000174953 0.999893
-0.0865085 0.00557001 0 0 0 -0.0523361 0.99863 -0.068335 0.0001546 0.00571593 0.00147201 0.0485217 0.00168775 0.99882
-0.0971765 0.00899552 0 0 0 -0.0871558 0.996195 -0.0683591 0.00574794 0.00761932 0.0040055 0.085165 0.00111312 0.996358
-0.0481797 0.00634994 0 0 0 -0.147809 0.989016 0.0228318 -0.00243582 0.00111676 0.00369232 0.142881 0.00216575 0.989731
-0.0638553 0.0079514 0 0 0 -0.173649 0.984808 -0.00100106 -0.00205752 -0.0017877 0.00411141 0.18294 0.00392452 0.983108
-0.117819 0.00639371 0 0 0 -0.0540607 0.998538 -0.102148 -0.000208385 0.00450742 0.000434097 0.0547265 -0.00231283 0.998499
-0.172952 -0.000539636 0 0 0 0.0576629 0.998336 -0.203863 0.00137432 0.00284937 -0.00565994 -0.0539146 -0.00141721 0.998529
-0.0183443 -0.0196817 0 0 0 0.26518 0.964199 -0.106999 0.00455749 -0.0532548 -0.00529491 -0.269778 -0.00338562 0.962902
0.0785324 0.0196679 0 0 0 0.237906 0.971288 -0.00797587 0.00875493 -0.00393593 0.0019587 -0.244023 -0.011902 0.969694
0.0717641 -0.00454851 0 0 0 0.0233814 0.999727 0.0674072 -0.00224905 -0.00155365 -0.00333672 -0.0246614 -0.00166829 0.999689
2.77556e-17 5.55112e-17 0 0 0 0 1 -0.00405843 -0.000883255 -0.000228002 6.21021e-05 -0.00140775 -0.000790854 0.999999
0.0468991 -0.00253072 0 0 0 -0.029338 0.99957 0.0665852 0.000624398 -0.00353898 0.00193699 0.0261379 0.00328401 0.999651
0.127644 0.0138218 0 0 0 0.0247727 0.999693 0.125758 -0.00330914 0.0130499 0.000392601 -0.0140798 0.00376812 0.999894
0.0964005 0.0158968 0 0 0 0.196357 0.980532 0.0311157 0.00302925 0.00607352 -0.000337763 -0.213367 -0.00453276 0.976962
0.041941 -0.000657902 0 0 0 0.0610485 0.998135 0.0282452 0.00051515 0.00539896 -0.00188011 -0.0786343 -0.0033087 0.996896
0 0 0 0 0 0 1 0.00131317 -0.000486811 -0.000410117 -0.000152532 -0.00037537 -0.000374238 1
