-4.16334e-17 -5.55112e-17 0 0 0 0 1 0.00224625 0.0074302 -0.00173048 0.00403785 -0.00197498 -0.000562239 0.99999
-0.0662309 0.00550879 0 0 0 0 1 0.00140441 -0.00747165 -0.067881 -0.0039554 -0.000452391 0.00260226 0.999989
-0.0694857 0.00408539 0 0 0 0.00872654 0.999962 -0.000554339 0.00164319 -0.0745919 -0.000207198 -0.00621106 0.00464314 0.99997
-0.00326144 0.000911446 0 0 0 0.0208238 0.999783 -0.0078229 0.0128079 -0.00272416 0.00897658 -0.014908 -0.00415929 0.99984
-0.000615441 -4.30358e-05 0 0 0 0.170355 0.985383 -0.0552215 -0.00242744 -0.0101383 -0.00258034 -0.175215 0.000368577 0.984527
-5.55112e-17 0 0 0 0 0.15053 0.988605 -0.019218 0.00364002 0.00886409 0.00330559 -0.156609 0.0149331 0.987542
0 0 0 0 0 0.165392 0.986228 -0.0629026 0.0120879 0.00546668 0.000745072 -0.158812 0.00118878 0.987308
0.00071934 0.000694658 0 0 0 0.0318605 0.999492 -0.0280864 0.00138796 0.00394807 -0.000887806 -0.0298274 -0.0013231 0.999554
0 -5.55112e-17 0 0 0 -0.0989356 0.995094 0.0377944 -0.00390638 -0.00262067 0.00142508 0.0825749 -0.00346659 0.996578
0 0 0 0 0 -0.144156 0.989555 0.0697795 0.029043 -0.0101279 0.0178769 0.12194 -0.00956068 0.99233
0 5.55112e-17 0 0 0 0 1 0.0166596 -0.00474187 0.00909924 -0.00141678 -0.0161712 -0.012746 0.999787
0 0 0 0 0 0 1 0.0243381 0.0089807 0.0120939 0.00205016 -0.0208086 -0.0196838 0.999588
0.0368651 0.00254704 0 0 0 0 1 0.0187349 0.0189642 0.0419128 0.00832602 -0.0107158 -0.00985962 0.999859
0.10013 0.0031333 0 0 0 0 1 0.0158048 0.00463261 0.108953 -0.00174 -0.00375841 -0.00389315 0.999984
0.082506 0.00282892 0 0 0 0 1 0.00312712 -0.0174573 0.0891794 -0.0124154 0.000863104 -0.00206015 0.99992
0.0881027 -0.00547729 0 0 0 -0.056258 0.998416 0.0389707 0.00169858 0.0868586 -0.00116968 0.0502633 -0.00160303 0.998734
0.0945704 -0.00459507 0 0 0 -0.083635 0.996496 0.0234017 0.00140254 0.0907569 0.00123447 0.0951796 -0.00118534 0.995459
0.002 2.77556e-17 0 0 0 0 1 -0.00322929 0.00306165 0.00891479 0.00113947 0.00148968 -0.000169247 0.999998
0 -2.77556e-17 0 0 0 0 1 0.00494563 -0.00154328 0.000460068 -0.000737058 -0.0017329 -0.000606073 0.999998
-0.001 2.77556e-17 0 0 0 0 1 0.0022944 -0.00234878 -0.00169199 -0.000907158 -0.00125439 0.00125601 0.999998
-0.0373089 -0.00775147 0 0 0 0.102246 0.994759 -0.0155428 0.00585117 -0.0404042 0.00412357 -0.0939373 0.00112143 0.995569
-0.108641 -0.00591997 0 0 0 0.140358 0.990101 -0.0377012 -0.000239652 -0.114546 0.00289007 -0.158893 0.0032423 0.987286
-0.16087 -0.022888 0 0 0 0.139173 0.990268 -0.0467214 -0.0071563 -0.172407 -0.00242762 -0.130026 0.00206345 0.991505
-0.147538 0.000479381 0 0 0 -0.00872654 0.999962 -0.00131638 0.0107215 -0.152662 0.0091778 0.00416645 -0.00194553 0.999947
-0.104747 0.00448931 0 0 0 -0.0174524 0.999848 0.0536912 0.00597307 -0.0958742 0.00611644 -0.0093565 -0.00133099 0.999937
1.11022e-16 5.55112e-17 0 0 0 -0.108074 0.994143 0.0659814 0.0068555 0.00192532 0.00834201 0.09665 0.00244961 0.99528
-5.55112e-17 0 0 0 0 -0.228918 0.973446 0.0640716 0.00571945 0.00251035 0.00638553 0.215927 -0.0116832 0.976319
0 0 0 0 0 -0.208341 0.978056 0.0787516 -0.00326078 -0.00964389 0.00440549 0.204294 0.0113583 0.978834
-5.55112e-17 0 0 0 0 -0.216438 0.976296 0.0796462 -0.00447725 -0.0213982 0.00110704 0.220182 -0.00336377 0.975452
0.00093358 0.000358368 0 0 0 -0.19191 0.981413 0.0809307 0.00345452 -0.0148107 0.00173967 0.195245 -0.00525656 0.980739
0 0 0 0 0 0 1 0.00818978 -0.000655863 0.00295506 -0.000321624 -0.00367184 -0.000403144 0.999993
5.55112e-17 -1.11022e-16 0 0 0 0 1 -0.00634075 0.00213795 -0.000564264 0.000800003 0.000549919 -0.000532812 0.999999
0.0243393 0.000773819 0 0 0 0 1 0.00680933 -0.000435564 0.0277992 -0.00226258 0.00126412 -0.000460096 0.999997
0.00299413 0.000187621 0 0 0 -0.151385 0.988475 0.0589475 0.00189248 0.00272809 0.00218911 0.143071 -0.00347601 0.989704
-0.0318499 0.00362214 0 0 0 -0.10969 0.993966 0.0398117 -0.00593805 -0.0337746 0.00180496 0.110302 -0.00442236 0.993887
-0.115569 0.0158505 0 0 0 -0.107905 0.994161 0.0231445 -0.00761515 -0.124634 0.0034394 0.10648 -0.0060769 0.99429
-0.11199 0.0191501 0 0 0 -0.139173 0.990268 0.034228 -0.00441928 -0.121877 0.00503987 0.138972 -0.00257651 0.99028
-0.0341484 0.00449277 0 0 0 -0.0573699 0.998353 0.0187909 0.00565348 -0.0477056 0.00351341 0.0542961 0.000445765 0.998519
0.0973484 -0.0100754 0 0 0 -0.0471377 0.998888 0.0234443 0.00167629 0.110329 -0.00145235 0.0408969 0.000482061 0.999162
0 0 0 0 0 -0.0227442 0.999741 0.0108024 -0.00077447 0.00188083 0.000684709 0.0244227 -0.000356078 0.999701
0 0 0 0 0 0 1 -0.00162081 0.00210941 -0.000496592 0.00107701 0.000618834 0.00016021 0.999999
